310 0 NYT19980603.0097 0
310 0 NYT19980603.0403 0
310 0 NYT19980604.0084 0
310 0 NYT19980604.0087 0
310 0 NYT19980608.0441 0
310 0 NYT19980609.0079 0
310 0 NYT19980609.0081 0
310 0 NYT19980609.0121 0
310 0 NYT19980609.0254 0
310 0 NYT19980609.0261 0
310 0 NYT19980610.0067 0
310 0 NYT19980610.0068 0
310 0 NYT19980610.0305 0
310 0 NYT19980610.0308 0
310 0 NYT19980610.0380 0
310 0 NYT19980615.0214 0
310 0 NYT19980620.0118 0
310 0 NYT19980621.0035 0
310 0 NYT19980621.0038 0
310 0 NYT19980621.0054 0
310 0 NYT19980621.0055 0
310 0 NYT19980621.0077 0
310 0 NYT19980622.0273 0
310 0 NYT19980622.0279 0
310 0 NYT19980623.0472 0
310 0 NYT19980624.0171 0
310 0 NYT19980702.0292 0
310 0 NYT19980703.0305 0
310 0 NYT19980705.0154 0
310 0 NYT19980705.0171 0
310 0 NYT19980705.0197 0
310 0 NYT19980707.0195 0
310 0 NYT19980708.0179 0
310 0 NYT19980709.0381 0
310 0 NYT19980713.0208 0
310 0 NYT19980715.0161 0
310 0 NYT19980715.0385 0
310 0 NYT19980803.0197 0
310 0 NYT19980803.0364 0
310 0 NYT19980803.0376 0
310 0 NYT19980806.0054 0
310 0 NYT19980806.0056 0
310 0 NYT19980806.0061 0
310 0 NYT19980806.0062 0
310 0 NYT19980806.0069 0
310 0 NYT19980806.0248 0
310 0 NYT19980806.0265 0
310 0 NYT19980806.0269 0
310 0 NYT19980811.0168 0
310 0 NYT19980811.0170 0
310 0 NYT19980813.0419 0
310 0 NYT19980814.0384 0
310 0 NYT19980817.0237 1
310 0 NYT19980820.0279 0
310 0 NYT19980902.0362 0
310 0 NYT19980902.0363 0
310 0 NYT19980902.0459 0
310 0 NYT19980908.0202 0
310 0 NYT19980908.0203 0
310 0 NYT19980910.0048 0
310 0 NYT19980917.0141 1
310 0 NYT19980919.0147 0
310 0 NYT19980920.0165 0
310 0 NYT19980921.0034 0
310 0 NYT19980922.0035 0
310 0 NYT19981002.0045 1
310 0 NYT19981002.0341 0
310 0 NYT19981006.0020 0
310 0 NYT19981006.0021 0
310 0 NYT19981008.0150 1
310 0 NYT19981013.0070 0
310 0 NYT19981013.0078 0
310 0 NYT19981017.0124 0
310 0 NYT19981022.0151 0
310 0 NYT19981022.0152 0
310 0 NYT19981026.0116 0
310 0 NYT19981026.0117 0
310 0 NYT19981029.0283 0
310 0 NYT19981029.0360 0
310 0 NYT19981030.0040 0
310 0 NYT19981112.0039 0
310 0 NYT19981114.0157 0
310 0 NYT19981114.0158 0
310 0 NYT19981127.0178 0
310 0 NYT19981130.0310 0
310 0 NYT19981209.0050 0
310 0 NYT19981209.0051 0
310 0 NYT19981210.0151 0
310 0 NYT19981220.0057 1
310 0 NYT19981220.0058 1
310 0 NYT19981220.0059 1
310 0 NYT19981226.0185 0
310 0 NYT19981227.0045 0
310 0 NYT19990102.0089 0
310 0 NYT19990102.0176 0
310 0 NYT19990104.0286 0
310 0 NYT19990106.0183 0
310 0 NYT19990109.0097 0
310 0 NYT19990109.0225 0
310 0 NYT19990115.0369 0
310 0 NYT19990118.0033 0
310 0 NYT19990118.0264 0
310 0 NYT19990125.0146 0
310 0 NYT19990127.0208 0
310 0 NYT19990128.0332 0
310 0 NYT19990129.0452 0
310 0 NYT19990130.0046 0
310 0 NYT19990130.0047 0
310 0 NYT19990201.0159 0
310 0 NYT19990201.0191 0
310 0 NYT19990215.0197 0
310 0 NYT19990218.0305 0
310 0 NYT19990219.0172 0
310 0 NYT19990222.0145 0
310 0 NYT19990222.0464 0
310 0 NYT19990224.0079 0
310 0 NYT19990224.0080 0
310 0 NYT19990224.0424 0
310 0 NYT19990227.0111 0
310 0 NYT19990228.0180 0
310 0 NYT19990305.0376 0
310 0 NYT19990305.0412 0
310 0 NYT19990308.0259 0
310 0 NYT19990309.0337 0
310 0 NYT19990311.0172 0
310 0 NYT19990311.0358 0
310 0 NYT19990311.0409 0
310 0 NYT19990313.0207 0
310 0 NYT19990316.0096 0
310 0 NYT19990317.0165 0
310 0 NYT19990318.0158 0
310 0 NYT19990323.0202 0
310 0 NYT19990323.0206 0
310 0 NYT19990330.0060 0
310 0 NYT19990331.0214 0
310 0 NYT19990401.0099 0
310 0 NYT19990401.0410 0
310 0 NYT19990403.0085 0
310 0 NYT19990405.0050 0
310 0 NYT19990405.0085 0
310 0 NYT19990405.0532 0
310 0 NYT19990406.0235 0
310 0 NYT19990408.0089 0
310 0 NYT19990414.0115 0
310 0 NYT19990417.0059 0
310 0 NYT19990419.0092 0
310 0 NYT19990419.0093 0
310 0 NYT19990420.0083 0
310 0 NYT19990420.0213 0
310 0 NYT19990420.0227 0
310 0 NYT19990423.0219 0
310 0 NYT19990423.0224 0
310 0 NYT19990427.0416 0
310 0 NYT19990503.0188 0
310 0 NYT19990505.0044 0
310 0 NYT19990506.0133 0
310 0 NYT19990510.0262 0
310 0 NYT19990514.0389 0
310 0 NYT19990524.0133 0
310 0 NYT19990524.0143 0
310 0 NYT19990524.0268 0
310 0 NYT19990524.0270 0
310 0 NYT19990524.0272 0
310 0 NYT19990524.0289 1
310 0 NYT19990524.0294 1
310 0 NYT19990524.0338 1
310 0 NYT19990602.0160 0
310 0 NYT19990605.0009 0
310 0 NYT19990605.0018 0
310 0 NYT19990605.0025 0
310 0 NYT19990607.0266 0
310 0 NYT19990607.0393 0
310 0 NYT19990607.0398 0
310 0 NYT19990607.0495 0
310 0 NYT19990610.0134 0
310 0 NYT19990617.0336 0
310 0 NYT19990619.0063 0
310 0 NYT19990619.0065 0
310 0 NYT19990622.0040 0
310 0 NYT19990624.0133 0
310 0 NYT19990624.0208 0
310 0 NYT19990625.0075 0
310 0 NYT19990626.0143 0
310 0 NYT19990628.0067 1
310 0 NYT19990628.0080 1
310 0 NYT19990629.0141 0
310 0 NYT19990630.0091 1
310 0 NYT19990702.0224 0
310 0 NYT19990702.0386 0
310 0 NYT19990714.0259 0
310 0 NYT19990715.0520 0
310 0 NYT19990715.0521 0
310 0 NYT19990719.0243 0
310 0 NYT19990719.0356 0
310 0 NYT19990721.0021 0
310 0 NYT19990721.0156 0
310 0 NYT19990721.0217 0
310 0 NYT19990722.0075 0
310 0 NYT19990722.0078 0
310 0 NYT19990723.0319 1
310 0 NYT19990723.0389 1
310 0 NYT19990726.0026 0
310 0 NYT19990726.0388 0
310 0 NYT19990727.0017 0
310 0 NYT19990728.0230 0
310 0 NYT19990729.0065 0
310 0 NYT19990729.0097 0
310 0 NYT19990729.0104 0
310 0 NYT19990730.0041 0
310 0 NYT19990731.0136 0
310 0 NYT19990803.0314 0
310 0 NYT19990805.0306 0
310 0 NYT19990805.0316 0
310 0 NYT19990805.0436 0
310 0 NYT19990809.0225 0
310 0 NYT19990811.0057 0
310 0 NYT19990813.0129 0
310 0 NYT19990818.0182 0
310 0 NYT19990819.0252 0
310 0 NYT19990819.0398 0
310 0 NYT19990820.0177 0
310 0 NYT19990821.0025 0
310 0 NYT19990821.0112 0
310 0 NYT19990821.0115 0
310 0 NYT19990821.0116 0
310 0 NYT19990823.0099 0
310 0 NYT19990823.0100 0
310 0 NYT19990827.0107 0
310 0 NYT19990830.0166 0
310 0 NYT19990831.0115 0
310 0 NYT19990901.0364 0
310 0 NYT19990901.0367 0
310 0 NYT19990903.0220 0
310 0 NYT19990904.0203 0
310 0 NYT19990906.0268 0
310 0 NYT19990907.0397 0
310 0 NYT19990908.0104 0
310 0 NYT19990913.0385 0
310 0 NYT19990913.0386 0
310 0 NYT19990914.0289 0
310 0 NYT19990914.0303 0
310 0 NYT19990916.0218 0
310 0 NYT19990922.0078 1
310 0 NYT19990924.0333 0
310 0 NYT19990927.0296 0
310 0 NYT19991001.0272 0
310 0 NYT19991003.0408 1
310 0 NYT19991003.0450 1
310 0 NYT19991003.0452 1
310 0 NYT19991003.0719 0
310 0 NYT19991003.0793 0
310 0 NYT19991007.0077 0
310 0 NYT19991010.0206 0
310 0 NYT19991018.0256 0
310 0 NYT19991018.0520 0
310 0 NYT19991019.0096 0
310 0 NYT19991019.0097 0
310 0 NYT19991019.0391 0
310 0 NYT19991020.0478 0
310 0 NYT19991025.0233 1
310 0 NYT19991025.0270 1
310 0 NYT19991025.0333 1
310 0 NYT19991026.0035 0
310 0 NYT19991026.0317 0
310 0 NYT19991026.0378 0
310 0 NYT19991028.0175 0
310 0 NYT19991028.0187 0
310 0 NYT19991028.0227 0
310 0 NYT19991028.0300 0
310 0 NYT19991028.0354 0
310 0 NYT19991102.0069 1
310 0 NYT19991104.0281 0
310 0 NYT19991110.0503 0
310 0 NYT19991123.0121 0
310 0 NYT19991123.0144 0
310 0 NYT19991124.0274 0
310 0 NYT19991126.0109 0
310 0 NYT19991129.0241 0
310 0 NYT19991129.0426 0
310 0 NYT19991129.0447 0
310 0 NYT19991130.0012 0
310 0 NYT19991201.0065 0
310 0 NYT19991201.0068 0
310 0 NYT19991206.0148 0
310 0 NYT19991207.0325 0
310 0 NYT19991213.0212 0
310 0 NYT19991213.0270 1
310 0 NYT19991214.0259 0
310 0 NYT19991222.0262 0
310 0 NYT19991227.0212 0
310 0 NYT19991228.0115 0
310 0 NYT19991228.0122 0
310 0 NYT20000103.0262 0
310 0 NYT20000105.0124 0
310 0 NYT20000105.0126 0
310 0 NYT20000105.0224 0
310 0 NYT20000107.0218 1
310 0 NYT20000107.0380 0
310 0 NYT20000108.0009 0
310 0 NYT20000121.0204 0
310 0 NYT20000124.0051 0
310 0 NYT20000126.0203 0
310 0 NYT20000128.0385 0
310 0 NYT20000129.0006 0
310 0 NYT20000129.0115 0
310 0 NYT20000202.0197 0
310 0 NYT20000203.0075 1
310 0 NYT20000204.0368 0
310 0 NYT20000204.0382 0
310 0 NYT20000206.0075 0
310 0 NYT20000206.0210 0
310 0 NYT20000211.0368 0
310 0 NYT20000213.0023 0
310 0 NYT20000213.0087 0
310 0 NYT20000214.0130 0
310 0 NYT20000216.0077 0
310 0 NYT20000217.0422 0
310 0 NYT20000218.0430 0
310 0 NYT20000223.0237 0
310 0 NYT20000224.0139 1
310 0 NYT20000226.0231 0
310 0 NYT20000228.0333 0
310 0 NYT20000228.0360 0
310 0 NYT20000228.0373 0
310 0 NYT20000228.0417 0
310 0 NYT20000229.0429 0
310 0 NYT20000229.0440 0
310 0 NYT20000302.0001 0
310 0 NYT20000304.0062 0
310 0 NYT20000304.0113 0
310 0 NYT20000305.0091 0
310 0 NYT20000306.0096 0
310 0 NYT20000306.0097 0
310 0 NYT20000307.0006 0
310 0 NYT20000307.0130 0
310 0 NYT20000309.0467 0
310 0 NYT20000313.0224 0
310 0 NYT20000314.0012 0
310 0 NYT20000323.0169 0
310 0 NYT20000323.0174 0
310 0 NYT20000328.0129 1
310 0 NYT20000328.0130 1
310 0 NYT20000328.0131 1
310 0 NYT20000328.0132 1
310 0 NYT20000328.0133 0
310 0 NYT20000329.0195 0
310 0 NYT20000330.0058 0
310 0 NYT20000403.0342 0
310 0 NYT20000404.0116 0
310 0 NYT20000410.0160 0
310 0 NYT20000410.0175 0
310 0 NYT20000411.0074 0
310 0 NYT20000411.0075 0
310 0 NYT20000411.0078 0
310 0 NYT20000411.0079 0
310 0 NYT20000411.0082 0
310 0 NYT20000411.0083 0
310 0 NYT20000418.0086 0
310 0 NYT20000418.0088 0
310 0 NYT20000419.0204 0
310 0 NYT20000419.0205 0
310 0 NYT20000419.0268 0
310 0 NYT20000421.0381 0
310 0 NYT20000426.0194 0
310 0 NYT20000501.0284 1
310 0 NYT20000503.0455 0
310 0 NYT20000503.0457 0
310 0 NYT20000503.0464 0
310 0 NYT20000513.0001 1
310 0 NYT20000520.0109 0
310 0 NYT20000520.0156 0
310 0 NYT20000520.0160 0
310 0 NYT20000522.0439 0
310 0 NYT20000524.0221 0
310 0 NYT20000524.0481 0
310 0 NYT20000527.0086 0
310 0 NYT20000527.0112 0
310 0 NYT20000529.0065 0
310 0 NYT20000529.0109 0
310 0 NYT20000529.0120 1
310 0 NYT20000529.0177 0
310 0 NYT20000530.0055 0
310 0 NYT20000530.0103 0
310 0 NYT20000531.0144 0
310 0 NYT20000602.0065 1
310 0 NYT20000607.0300 0
310 0 NYT20000608.0042 0
310 0 NYT20000608.0055 0
310 0 NYT20000608.0112 0
310 0 NYT20000610.0181 0
310 0 NYT20000612.0138 0
310 0 NYT20000612.0240 0
310 0 NYT20000612.0669 0
310 0 NYT20000612.1147 0
310 0 NYT20000627.0050 0
310 0 NYT20000627.0168 0
310 0 NYT20000629.0239 0
310 0 NYT20000630.0019 0
310 0 NYT20000630.0194 0
310 0 NYT20000630.0245 0
310 0 NYT20000701.0095 0
310 0 NYT20000701.0136 0
310 0 NYT20000701.0155 0
310 0 NYT20000703.0407 0
310 0 NYT20000705.0087 0
310 0 NYT20000707.0389 0
310 0 NYT20000709.0064 0
310 0 NYT20000712.0030 0
310 0 NYT20000712.0085 0
310 0 NYT20000712.0120 0
310 0 NYT20000712.0216 0
310 0 NYT20000712.0221 0
310 0 NYT20000712.0241 0
310 0 NYT20000715.0055 0
310 0 NYT20000715.0155 0
310 0 NYT20000717.0158 0
310 0 NYT20000717.0202 0
310 0 NYT20000717.0233 0
310 0 NYT20000717.0278 0
310 0 NYT20000718.0219 1
310 0 NYT20000718.0301 1
310 0 NYT20000718.0429 1
310 0 NYT20000720.0200 0
310 0 NYT20000721.0111 0
310 0 NYT20000724.0018 0
310 0 NYT20000724.0091 1
310 0 NYT20000726.0163 0
310 0 NYT20000726.0313 1
310 0 NYT20000727.0056 0
310 0 NYT20000727.0059 0
310 0 NYT20000727.0060 0
310 0 NYT20000727.0227 0
310 0 NYT20000728.0077 0
310 0 NYT20000728.0078 0
310 0 NYT20000731.0192 0
310 0 NYT20000731.0204 0
310 0 NYT20000731.0212 0
310 0 NYT20000731.0353 0
310 0 NYT20000802.0402 0
310 0 NYT20000802.0441 0
310 0 NYT20000807.0191 0
310 0 NYT20000807.0240 0
310 0 NYT20000807.0242 0
310 0 NYT20000814.0162 0
310 0 NYT20000814.0277 0
310 0 NYT20000815.0082 0
310 0 NYT20000815.0213 0
310 0 NYT20000822.0045 0
310 0 NYT20000828.0178 0
310 0 NYT20000829.0219 0
310 0 NYT20000831.0141 0
310 0 NYT20000831.0143 0
310 0 NYT20000831.0144 0
310 0 NYT20000906.0236 0
310 0 NYT20000907.0228 0
310 0 NYT20000908.0070 0
310 0 NYT20000908.0071 0
310 0 NYT20000909.0100 0
310 0 NYT20000909.0112 0
310 0 NYT20000909.0148 0
310 0 NYT20000909.0186 0
310 0 NYT20000912.0216 0
310 0 NYT20000912.0422 0
310 0 NYT20000921.0202 0
310 0 NYT20000921.0219 0
310 0 NYT20000921.0220 0
310 0 NYT20000921.0221 0
310 0 NYT20000921.0229 0
310 0 NYT20000925.0225 0
336 0 NYT19980610.0492 0
336 0 NYT19980610.0495 0
336 0 NYT19980610.0592 1
336 0 NYT19980612.0137 0
336 0 NYT19980622.0206 0
336 0 NYT19980622.0209 0
336 0 NYT19980624.0537 1
336 0 NYT19980706.0076 0
336 0 NYT19980707.0315 0
336 0 NYT19980715.0452 0
336 0 NYT19980720.0119 0
336 0 NYT19980721.0040 0
336 0 NYT19980729.0440 0
336 0 NYT19980731.0338 0
336 0 NYT19980811.0154 0
336 0 NYT19980817.0196 0
336 0 NYT19980817.0234 0
336 0 NYT19980817.0409 0
336 0 NYT19980817.0411 0
336 0 NYT19980817.0412 0
336 0 NYT19980817.0413 0
336 0 NYT19980817.0415 0
336 0 NYT19980817.0437 0
336 0 NYT19980818.0041 0
336 0 NYT19980818.0191 0
336 0 NYT19980821.0068 0
336 0 NYT19980825.0014 0
336 0 NYT19980903.0026 0
336 0 NYT19980913.0151 0
336 0 NYT19980918.0233 0
336 0 NYT19980921.0237 0
336 0 NYT19980924.0353 0
336 0 NYT19980926.0187 0
336 0 NYT19980929.0256 0
336 0 NYT19980929.0421 0
336 0 NYT19981004.0205 0
336 0 NYT19981011.0116 0
336 0 NYT19981012.0272 0
336 0 NYT19981019.0390 0
336 0 NYT19981019.0391 0
336 0 NYT19981019.0392 0
336 0 NYT19981019.0393 0
336 0 NYT19981025.0045 0
336 0 NYT19981026.0225 0
336 0 NYT19981102.0232 0
336 0 NYT19981106.0129 0
336 0 NYT19981111.0167 0
336 0 NYT19981117.0446 0
336 0 NYT19981119.0041 0
336 0 NYT19981123.0252 0
336 0 NYT19981125.0426 0
336 0 NYT19981127.0144 0
336 0 NYT19981127.0148 0
336 0 NYT19981128.0064 0
336 0 NYT19981206.0076 0
336 0 NYT19981206.0079 0
336 0 NYT19981208.0206 0
336 0 NYT19981211.0275 0
336 0 NYT19981228.0465 0
336 0 NYT19990107.0033 0
336 0 NYT19990108.0472 0
336 0 NYT19990117.0065 0
336 0 NYT19990117.0138 0
336 0 NYT19990118.0014 0
336 0 NYT19990118.0470 0
336 0 NYT19990120.0260 0
336 0 NYT19990202.0286 0
336 0 NYT19990202.0333 0
336 0 NYT19990208.0268 0
336 0 NYT19990216.0183 0
336 0 NYT19990217.0158 0
336 0 NYT19990222.0382 0
336 0 NYT19990227.0073 0
336 0 NYT19990301.0036 0
336 0 NYT19990314.0042 1
336 0 NYT19990316.0450 0
336 0 NYT19990318.0029 0
336 0 NYT19990320.0147 0
336 0 NYT19990323.0407 0
336 0 NYT19990328.0055 0
336 0 NYT19990330.0060 0
336 0 NYT19990331.0058 0
336 0 NYT19990331.0133 0
336 0 NYT19990331.0136 0
336 0 NYT19990331.0335 0
336 0 NYT19990331.0341 0
336 0 NYT19990402.0022 0
336 0 NYT19990404.0039 0
336 0 NYT19990405.0012 0
336 0 NYT19990419.0426 0
336 0 NYT19990419.0526 0
336 0 NYT19990421.0435 0
336 0 NYT19990421.0489 0
336 0 NYT19990428.0455 0
336 0 NYT19990501.0184 0
336 0 NYT19990510.0508 0
336 0 NYT19990529.0225 0
336 0 NYT19990530.0069 0
336 0 NYT19990602.0462 0
336 0 NYT19990615.0153 0
336 0 NYT19990617.0501 1
336 0 NYT19990621.0285 0
336 0 NYT19990621.0308 0
336 0 NYT19990621.0313 0
336 0 NYT19990621.0315 0
336 0 NYT19990627.0026 0
336 0 NYT19990704.0007 2
336 0 NYT19990708.0141 0
336 0 NYT19990713.0103 0
336 0 NYT19990715.0226 0
336 0 NYT19990718.0086 0
336 0 NYT19990719.0424 0
336 0 NYT19990720.0084 0
336 0 NYT19990720.0229 0
336 0 NYT19990720.0341 0
336 0 NYT19990729.0082 0
336 0 NYT19990730.0063 0
336 0 NYT19990801.0050 0
336 0 NYT19990801.0123 0
336 0 NYT19990801.0208 0
336 0 NYT19990803.0127 0
336 0 NYT19990803.0179 0
336 0 NYT19990803.0198 0
336 0 NYT19990805.0197 0
336 0 NYT19990805.0402 0
336 0 NYT19990805.0476 0
336 0 NYT19990806.0111 0
336 0 NYT19990806.0250 0
336 0 NYT19990808.0126 1
336 0 NYT19990819.0199 2
336 0 NYT19990820.0022 0
336 0 NYT19990822.0119 0
336 0 NYT19990824.0181 0
336 0 NYT19990824.0182 0
336 0 NYT19990826.0047 0
336 0 NYT19990829.0127 0
336 0 NYT19990830.0069 0
336 0 NYT19990916.0476 0
336 0 NYT19990927.0436 0
336 0 NYT19991017.0111 0
336 0 NYT19991018.0229 0
336 0 NYT19991028.0175 0
336 0 NYT19991028.0187 0
336 0 NYT19991028.0227 0
336 0 NYT19991107.0020 0
336 0 NYT19991109.0329 0
336 0 NYT19991119.0003 0
336 0 NYT19991120.0169 0
336 0 NYT19991129.0125 0
336 0 NYT19991130.0191 0
336 0 NYT19991206.0270 0
336 0 NYT19991213.0420 0
336 0 NYT19991213.0423 0
336 0 NYT19991213.0426 0
336 0 NYT19991213.0427 0
336 0 NYT19991213.0428 0
336 0 NYT19991217.0333 0
336 0 NYT19991221.0371 0
336 0 NYT19991230.0282 0
336 0 NYT20000103.0115 0
336 0 NYT20000103.0126 0
336 0 NYT20000105.0086 0
336 0 NYT20000105.0195 0
336 0 NYT20000105.0396 0
336 0 NYT20000107.0008 0
336 0 NYT20000113.0013 0
336 0 NYT20000117.0046 0
336 0 NYT20000117.0047 0
336 0 NYT20000118.0342 0
336 0 NYT20000118.0344 0
336 0 NYT20000118.0346 0
336 0 NYT20000118.0348 0
336 0 NYT20000118.0351 0
336 0 NYT20000126.0171 0
336 0 NYT20000131.0209 0
336 0 NYT20000131.0213 0
336 0 NYT20000211.0153 0
336 0 NYT20000222.0005 0
336 0 NYT20000222.0017 0
336 0 NYT20000223.0237 0
336 0 NYT20000228.0323 0
336 0 NYT20000303.0049 0
336 0 NYT20000303.0050 0
336 0 NYT20000303.0051 0
336 0 NYT20000306.0186 0
336 0 NYT20000306.0191 0
336 0 NYT20000306.0194 0
336 0 NYT20000307.0099 0
336 0 NYT20000307.0100 0
336 0 NYT20000307.0107 0
336 0 NYT20000313.0191 0
336 0 NYT20000327.0027 0
336 0 NYT20000419.0072 0
336 0 NYT20000419.0138 0
336 0 NYT20000429.0070 0
336 0 NYT20000429.0071 0
336 0 NYT20000501.0084 0
336 0 NYT20000501.0085 0
336 0 NYT20000511.0355 0
336 0 NYT20000511.0479 0
336 0 NYT20000517.0178 0
336 0 NYT20000517.0188 0
336 0 NYT20000519.0082 0
336 0 NYT20000519.0131 0
336 0 NYT20000519.0254 0
336 0 NYT20000522.0298 0
336 0 NYT20000529.0009 0
336 0 NYT20000529.0010 0
336 0 NYT20000529.0137 0
336 0 NYT20000529.0207 0
336 0 NYT20000530.0072 0
336 0 NYT20000530.0143 0
336 0 NYT20000530.0269 1
336 0 NYT20000531.0403 1
336 0 NYT20000531.0404 1
336 0 NYT20000531.0406 1
336 0 NYT20000531.0407 1
336 0 NYT20000531.0409 1
336 0 NYT20000602.0371 2
336 0 NYT20000605.0105 1
336 0 NYT20000605.0426 0
336 0 NYT20000610.0127 0
336 0 NYT20000618.0163 0
336 0 NYT20000628.0170 2
336 0 NYT20000706.0242 1
336 0 NYT20000712.0374 0
336 0 NYT20000714.0237 0
336 0 NYT20000718.0206 0
336 0 NYT20000719.0231 0
336 0 NYT20000723.0089 0
336 0 NYT20000807.0246 0
336 0 NYT20000811.0296 0
336 0 NYT20000817.0370 0
336 0 NYT20000821.0257 0
336 0 NYT20000824.0438 0
336 0 NYT20000831.0313 0
336 0 NYT20000902.0093 0
336 0 NYT20000906.0421 2
336 0 NYT20000908.0398 1
336 0 NYT20000912.0435 1
336 0 NYT20000913.0085 0
336 0 NYT20000914.0064 0
336 0 NYT20000914.0144 1
336 0 NYT20000914.0220 1
336 0 NYT20000914.0335 1
336 0 NYT20000921.0269 0
336 0 NYT20000922.0015 0
336 0 NYT20000923.0109 0
336 0 NYT20000923.0152 0
336 0 NYT20000923.0153 0
336 0 NYT20000923.0154 0
336 0 NYT20000924.0031 0
336 0 NYT20000924.0032 0
336 0 NYT20000927.0154 0
362 0 NYT19980601.0564 2
362 0 NYT19980603.0556 1
362 0 NYT19980611.0438 2
362 0 NYT19980612.0436 1
362 0 NYT19980614.0196 2
362 0 NYT19980617.0305 0
362 0 NYT19980624.0286 0
362 0 NYT19980624.0512 1
362 0 NYT19980710.0406 1
362 0 NYT19980716.0295 0
362 0 NYT19980723.0419 0
362 0 NYT19980731.0069 0
362 0 NYT19980731.0070 0
362 0 NYT19980805.0250 0
362 0 NYT19980810.0396 1
362 0 NYT19980810.0397 1
362 0 NYT19980818.0473 2
362 0 NYT19980819.0536 2
362 0 NYT19980916.0035 0
362 0 NYT19980916.0061 0
362 0 NYT19980918.0528 0
362 0 NYT19980925.0463 0
362 0 NYT19981008.0303 0
362 0 NYT19981019.0390 0
362 0 NYT19981019.0391 0
362 0 NYT19981019.0392 0
362 0 NYT19981019.0393 0
362 0 NYT19981021.0399 0
362 0 NYT19981105.0424 0
362 0 NYT19981111.0418 0
362 0 NYT19981111.0420 0
362 0 NYT19981114.0114 0
362 0 NYT19981116.0207 0
362 0 NYT19981117.0431 0
362 0 NYT19981120.0297 2
362 0 NYT19981120.0352 2
362 0 NYT19981120.0435 2
362 0 NYT19981120.0437 0
362 0 NYT19981120.0516 2
362 0 NYT19981122.0198 2
362 0 NYT19981207.0220 0
362 0 NYT19981209.0163 1
362 0 NYT19981209.0167 0
362 0 NYT19981210.0269 2
362 0 NYT19981210.0474 2
362 0 NYT19981210.0565 2
362 0 NYT19981218.0408 0
362 0 NYT19981219.0219 2
362 0 NYT19981220.0155 0
362 0 NYT19981223.0428 2
362 0 NYT19981228.0417 2
362 0 NYT19990119.0332 0
362 0 NYT19990129.0348 0
362 0 NYT19990131.0227 2
362 0 NYT19990204.0195 2
362 0 NYT19990204.0306 0
362 0 NYT19990208.0203 0
362 0 NYT19990219.0159 0
362 0 NYT19990219.0160 0
362 0 NYT19990223.0126 0
362 0 NYT19990223.0127 0
362 0 NYT19990304.0457 0
362 0 NYT19990307.0125 1
362 0 NYT19990307.0126 1
362 0 NYT19990307.0155 1
362 0 NYT19990309.0170 0
362 0 NYT19990311.0189 1
362 0 NYT19990311.0462 1
362 0 NYT19990313.0147 2
362 0 NYT19990313.0148 0
362 0 NYT19990313.0150 0
362 0 NYT19990313.0151 0
362 0 NYT19990313.0155 2
362 0 NYT19990313.0208 2
362 0 NYT19990315.0529 0
362 0 NYT19990316.0058 2
362 0 NYT19990316.0116 0
362 0 NYT19990316.0180 0
362 0 NYT19990322.0481 1
362 0 NYT19990420.0254 0
362 0 NYT19990420.0441 2
362 0 NYT19990424.0055 0
362 0 NYT19990424.0125 0
362 0 NYT19990428.0059 0
362 0 NYT19990513.0491 1
362 0 NYT19990517.0235 0
362 0 NYT19990521.0237 0
362 0 NYT19990522.0004 0
362 0 NYT19990524.0496 0
362 0 NYT19990524.0497 0
362 0 NYT19990525.0403 1
362 0 NYT19990602.0082 1
362 0 NYT19990614.0482 0
362 0 NYT19990617.0387 1
362 0 NYT19990628.0241 0
362 0 NYT19990630.0288 0
362 0 NYT19990712.0298 1
362 0 NYT19990729.0358 0
362 0 NYT19990802.0193 0
362 0 NYT19990811.0338 2
362 0 NYT19990813.0344 2
362 0 NYT19990814.0207 2
362 0 NYT19990816.0261 0
362 0 NYT19990816.0284 0
362 0 NYT19990819.0272 2
362 0 NYT19990823.0318 0
362 0 NYT19990824.0143 0
362 0 NYT19990824.0144 0
362 0 NYT19990827.0346 0
362 0 NYT19990828.0145 1
362 0 NYT19990830.0390 2
362 0 NYT19990903.0003 2
362 0 NYT19990903.0006 2
362 0 NYT19990904.0085 0
362 0 NYT19990906.0082 0
362 0 NYT19990907.0054 0
362 0 NYT19990910.0009 1
362 0 NYT19990910.0012 1
362 0 NYT19990910.0300 1
362 0 NYT19990910.0410 2
362 0 NYT19990911.0004 2
362 0 NYT19990911.0007 2
362 0 NYT19990921.0437 2
362 0 NYT19990922.0224 0
362 0 NYT19990922.0229 0
362 0 NYT19990922.0390 2
362 0 NYT19990922.0460 0
362 0 NYT19990927.0198 0
362 0 NYT19990927.0212 0
362 0 NYT19991025.0276 0
362 0 NYT19991026.0144 0
362 0 NYT19991031.0178 0
362 0 NYT19991031.0180 0
362 0 NYT19991105.0106 0
362 0 NYT19991105.0330 0
362 0 NYT19991125.0051 0
362 0 NYT19991206.0096 0
362 0 NYT19991222.0357 1
362 0 NYT19991222.0367 1
362 0 NYT19991222.0384 1
362 0 NYT19991227.0171 0
362 0 NYT19991227.0173 0
362 0 NYT20000103.0368 2
362 0 NYT20000103.0378 1
362 0 NYT20000104.0253 1
362 0 NYT20000108.0002 0
362 0 NYT20000110.0410 1
362 0 NYT20000110.0412 1
362 0 NYT20000111.0004 1
362 0 NYT20000111.0293 2
362 0 NYT20000111.0353 2
362 0 NYT20000111.0385 2
362 0 NYT20000111.0414 2
362 0 NYT20000111.0417 2
362 0 NYT20000112.0033 1
362 0 NYT20000116.0108 0
362 0 NYT20000121.0212 0
362 0 NYT20000209.0397 2
362 0 NYT20000214.0329 2
362 0 NYT20000217.0016 0
362 0 NYT20000222.0323 2
362 0 NYT20000226.0072 2
362 0 NYT20000305.0202 0
362 0 NYT20000305.0203 0
362 0 NYT20000305.0204 0
362 0 NYT20000306.0001 0
362 0 NYT20000323.0169 0
362 0 NYT20000323.0174 0
362 0 NYT20000327.0200 0
362 0 NYT20000327.0229 0
362 0 NYT20000330.0058 0
362 0 NYT20000330.0192 0
362 0 NYT20000401.0101 2
362 0 NYT20000405.0325 0
362 0 NYT20000405.0345 0
362 0 NYT20000406.0494 0
362 0 NYT20000412.0068 0
362 0 NYT20000412.0116 0
362 0 NYT20000412.0118 0
362 0 NYT20000412.0123 0
362 0 NYT20000505.0313 1
362 0 NYT20000506.0114 0
362 0 NYT20000620.0291 1
362 0 NYT20000622.0326 2
362 0 NYT20000623.0121 2
362 0 NYT20000623.0130 2
362 0 NYT20000624.0068 0
362 0 NYT20000624.0119 2
362 0 NYT20000626.0352 0
362 0 NYT20000701.0005 0
362 0 NYT20000701.0077 2
362 0 NYT20000703.0016 2
362 0 NYT20000703.0227 2
362 0 NYT20000707.0291 1
362 0 NYT20000712.0172 1
362 0 NYT20000712.0173 1
362 0 NYT20000712.0174 1
362 0 NYT20000713.0295 0
362 0 NYT20000713.0312 0
362 0 NYT20000717.0216 2
362 0 NYT20000721.0146 0
362 0 NYT20000809.0051 2
362 0 NYT20000816.0400 0
362 0 NYT20000821.0424 1
362 0 NYT20000905.0046 0
362 0 NYT20000920.0392 2
362 0 NYT20000923.0063 2
362 0 NYT20000923.0065 2
367 0 NYT19980603.0304 0
367 0 NYT19980603.0379 0
367 0 NYT19980608.0142 0
367 0 NYT19980610.0143 0
367 0 NYT19980614.0035 0
367 0 NYT19980615.0047 0
367 0 NYT19980623.0473 0
367 0 NYT19980624.0275 0
367 0 NYT19980626.0096 2
367 0 NYT19980708.0246 0
367 0 NYT19980720.0391 0
367 0 NYT19980810.0063 2
367 0 NYT19980812.0402 2
367 0 NYT19980820.0339 0
367 0 NYT19980909.0285 0
367 0 NYT19980911.0130 0
367 0 NYT19980915.0371 0
367 0 NYT19980930.0088 0
367 0 NYT19980930.0400 0
367 0 NYT19980930.0450 0
367 0 NYT19981001.0053 0
367 0 NYT19981001.0224 0
367 0 NYT19981001.0226 0
367 0 NYT19981012.0438 0
367 0 NYT19981014.0163 0
367 0 NYT19981019.0390 0
367 0 NYT19981019.0391 0
367 0 NYT19981019.0392 0
367 0 NYT19981019.0393 0
367 0 NYT19981021.0399 0
367 0 NYT19981108.0195 0
367 0 NYT19981108.0196 0
367 0 NYT19981121.0123 0
367 0 NYT19981125.0147 0
367 0 NYT19981215.0151 0
367 0 NYT19981215.0160 0
367 0 NYT19981215.0195 0
367 0 NYT19981215.0380 0
367 0 NYT19981216.0212 0
367 0 NYT19981216.0222 0
367 0 NYT19981225.0141 0
367 0 NYT19990101.0137 0
367 0 NYT19990115.0041 0
367 0 NYT19990120.0381 0
367 0 NYT19990123.0047 0
367 0 NYT19990204.0433 1
367 0 NYT19990215.0085 0
367 0 NYT19990215.0097 0
367 0 NYT19990219.0159 0
367 0 NYT19990219.0160 0
367 0 NYT19990223.0126 0
367 0 NYT19990223.0127 0
367 0 NYT19990302.0089 0
367 0 NYT19990305.0128 0
367 0 NYT19990309.0170 0
367 0 NYT19990312.0412 0
367 0 NYT19990317.0380 0
367 0 NYT19990323.0237 0
367 0 NYT19990325.0168 0
367 0 NYT19990328.0288 0
367 0 NYT19990409.0195 0
367 0 NYT19990410.0123 0
367 0 NYT19990419.0286 0
367 0 NYT19990421.0468 0
367 0 NYT19990427.0265 0
367 0 NYT19990501.0262 0
367 0 NYT19990502.0122 0
367 0 NYT19990502.0231 0
367 0 NYT19990505.0426 0
367 0 NYT19990512.0443 0
367 0 NYT19990515.0213 0
367 0 NYT19990515.0272 0
367 0 NYT19990515.0273 0
367 0 NYT19990520.0435 0
367 0 NYT19990520.0529 0
367 0 NYT19990521.0004 0
367 0 NYT19990521.0344 0
367 0 NYT19990528.0207 0
367 0 NYT19990528.0329 0
367 0 NYT19990530.0104 0
367 0 NYT19990611.0149 0
367 0 NYT19990611.0346 0
367 0 NYT19990615.0355 0
367 0 NYT19990616.0005 0
367 0 NYT19990616.0007 0
367 0 NYT19990618.0306 0
367 0 NYT19990701.0239 0
367 0 NYT19990702.0265 0
367 0 NYT19990704.0032 0
367 0 NYT19990707.0104 0
367 0 NYT19990715.0077 0
367 0 NYT19990717.0010 0
367 0 NYT19990720.0125 0
367 0 NYT19990720.0147 0
367 0 NYT19990802.0124 0
367 0 NYT19990802.0322 0
367 0 NYT19990805.0327 0
367 0 NYT19990813.0325 0
367 0 NYT19990824.0143 0
367 0 NYT19990824.0144 0
367 0 NYT19990903.0229 0
367 0 NYT19990907.0128 0
367 0 NYT19990908.0193 0
367 0 NYT19990908.0258 0
367 0 NYT19990916.0431 0
367 0 NYT19990922.0327 0
367 0 NYT19990928.0248 0
367 0 NYT19990929.0271 0
367 0 NYT19991003.1155 0
367 0 NYT19991015.0308 0
367 0 NYT19991015.0310 0
367 0 NYT19991021.0039 0
367 0 NYT19991022.0223 0
367 0 NYT19991028.0262 0
367 0 NYT19991101.0359 0
367 0 NYT19991103.0472 0
367 0 NYT19991112.0190 0
367 0 NYT19991125.0051 0
367 0 NYT19991125.0062 0
367 0 NYT19991129.0173 0
367 0 NYT19991206.0229 0
367 0 NYT20000113.0406 0
367 0 NYT20000114.0125 0
367 0 NYT20000114.0239 0
367 0 NYT20000125.0052 2
367 0 NYT20000125.0053 2
367 0 NYT20000127.0183 0
367 0 NYT20000127.0219 0
367 0 NYT20000130.0136 0
367 0 NYT20000202.0348 0
367 0 NYT20000203.0127 0
367 0 NYT20000204.0231 0
367 0 NYT20000204.0233 0
367 0 NYT20000204.0236 0
367 0 NYT20000206.0183 0
367 0 NYT20000206.0185 0
367 0 NYT20000206.0186 0
367 0 NYT20000209.0087 0
367 0 NYT20000210.0315 0
367 0 NYT20000210.0335 0
367 0 NYT20000219.0119 0
367 0 NYT20000221.0307 0
367 0 NYT20000222.0019 0
367 0 NYT20000222.0407 0
367 0 NYT20000222.0503 0
367 0 NYT20000302.0368 0
367 0 NYT20000302.0395 0
367 0 NYT20000321.0095 0
367 0 NYT20000414.0208 0
367 0 NYT20000414.0427 0
367 0 NYT20000416.0058 0
367 0 NYT20000419.0075 0
367 0 NYT20000419.0377 0
367 0 NYT20000507.0108 0
367 0 NYT20000508.0020 0
367 0 NYT20000517.0272 0
367 0 NYT20000518.0053 0
367 0 NYT20000521.0096 0
367 0 NYT20000521.0142 0
367 0 NYT20000522.0432 0
367 0 NYT20000524.0062 0
367 0 NYT20000524.0065 0
367 0 NYT20000524.0375 0
367 0 NYT20000524.0387 0
367 0 NYT20000607.0108 0
367 0 NYT20000607.0110 0
367 0 NYT20000607.0206 0
367 0 NYT20000607.0272 0
367 0 NYT20000607.0426 0
367 0 NYT20000612.0149 0
367 0 NYT20000705.0105 0
367 0 NYT20000705.0238 0
367 0 NYT20000707.0251 0
367 0 NYT20000707.0326 0
367 0 NYT20000707.0341 0
367 0 NYT20000713.0295 0
367 0 NYT20000720.0330 0
367 0 NYT20000720.0432 0
367 0 NYT20000723.0108 0
367 0 NYT20000725.0365 0
367 0 NYT20000726.0306 0
367 0 NYT20000726.0332 0
367 0 NYT20000729.0178 0
367 0 NYT20000730.0098 0
367 0 NYT20000731.0153 0
367 0 NYT20000731.0246 0
367 0 NYT20000801.0351 0
367 0 NYT20000802.0198 0
367 0 NYT20000803.0317 1
367 0 NYT20000804.0074 0
367 0 NYT20000806.0165 0
367 0 NYT20000806.0190 0
367 0 NYT20000814.0288 0
367 0 NYT20000818.0166 0
367 0 NYT20000818.0169 0
367 0 NYT20000821.0338 2
367 0 NYT20000822.0083 0
367 0 NYT20000822.0118 2
367 0 NYT20000822.0290 0
367 0 NYT20000904.0218 0
367 0 NYT20000904.0237 0
367 0 NYT20000906.0052 0
367 0 NYT20000906.0053 2
367 0 NYT20000906.0054 2
367 0 NYT20000906.0060 2
367 0 NYT20000906.0104 2
367 0 NYT20000906.0118 2
367 0 NYT20000906.0138 2
367 0 NYT20000906.0150 2
367 0 NYT20000906.0157 2
367 0 NYT20000913.0272 2
367 0 NYT20000920.0036 0
367 0 NYT20000926.0114 0
367 0 NYT20000927.0177 0
367 0 NYT20000927.0389 0
383 0 NYT19980610.0169 0
383 0 NYT19980618.0164 0
383 0 NYT19980630.0249 0
383 0 NYT19980707.0114 0
383 0 NYT19980709.0100 0
383 0 NYT19980714.0219 0
383 0 NYT19980715.0335 0
383 0 NYT19980715.0341 0
383 0 NYT19980715.0380 0
383 0 NYT19980715.0388 2
383 0 NYT19980715.0410 0
383 0 NYT19980727.0362 0
383 0 NYT19980727.0364 0
383 0 NYT19980727.0370 0
383 0 NYT19980727.0415 0
383 0 NYT19980727.0419 0
383 0 NYT19980728.0401 0
383 0 NYT19980731.0279 0
383 0 NYT19980808.0001 2
383 0 NYT19980909.0222 2
383 0 NYT19980910.0218 0
383 0 NYT19980922.0117 2
383 0 NYT19981008.0166 2
383 0 NYT19981009.0514 2
383 0 NYT19981009.0516 2
383 0 NYT19981009.0517 2
383 0 NYT19981015.0088 0
383 0 NYT19981015.0116 0
383 0 NYT19981021.0399 0
383 0 NYT19981022.0228 0
383 0 NYT19981022.0389 0
383 0 NYT19981102.0197 0
383 0 NYT19981102.0357 0
383 0 NYT19981104.0127 0
383 0 NYT19981104.0129 0
383 0 NYT19981110.0124 0
383 0 NYT19981111.0228 2
383 0 NYT19981117.0273 0
383 0 NYT19981118.0121 2
383 0 NYT19981118.0157 0
383 0 NYT19981118.0158 0
383 0 NYT19981118.0159 2
383 0 NYT19981118.0162 2
383 0 NYT19981118.0163 2
383 0 NYT19981118.0164 0
383 0 NYT19981118.0165 2
383 0 NYT19981118.0166 0
383 0 NYT19981118.0168 2
383 0 NYT19981118.0172 2
383 0 NYT19981118.0175 0
383 0 NYT19981118.0176 2
383 0 NYT19981118.0179 2
383 0 NYT19981119.0163 2
383 0 NYT19981121.0039 0
383 0 NYT19981121.0248 0
383 0 NYT19981202.0325 0
383 0 NYT19981207.0393 2
383 0 NYT19981216.0178 0
383 0 NYT19981223.0268 0
383 0 NYT19981225.0106 0
383 0 NYT19981225.0116 0
383 0 NYT19981231.0110 2
383 0 NYT19990105.0341 0
383 0 NYT19990105.0401 2
383 0 NYT19990105.0437 2
383 0 NYT19990107.0363 0
383 0 NYT19990110.0110 2
383 0 NYT19990114.0273 0
383 0 NYT19990115.0436 0
383 0 NYT19990119.0016 0
383 0 NYT19990121.0316 0
383 0 NYT19990121.0325 0
383 0 NYT19990121.0339 0
383 0 NYT19990121.0340 0
383 0 NYT19990121.0347 0
383 0 NYT19990121.0380 0
383 0 NYT19990121.0387 0
383 0 NYT19990123.0160 0
383 0 NYT19990124.0058 2
383 0 NYT19990124.0128 2
383 0 NYT19990124.0184 2
383 0 NYT19990125.0443 2
383 0 NYT19990129.0267 2
383 0 NYT19990205.0290 0
383 0 NYT19990205.0300 0
383 0 NYT19990206.0066 0
383 0 NYT19990206.0092 2
383 0 NYT19990206.0093 2
383 0 NYT19990208.0059 2
383 0 NYT19990208.0060 2
383 0 NYT19990208.0305 0
383 0 NYT19990208.0392 0
383 0 NYT19990210.0134 0
383 0 NYT19990219.0159 0
383 0 NYT19990219.0160 0
383 0 NYT19990222.0159 0
383 0 NYT19990223.0126 0
383 0 NYT19990223.0127 0
383 0 NYT19990225.0311 0
383 0 NYT19990227.0091 0
383 0 NYT19990228.0089 0
383 0 NYT19990309.0170 0
383 0 NYT19990310.0506 0
383 0 NYT19990318.0321 2
383 0 NYT19990318.0361 2
383 0 NYT19990323.0117 2
383 0 NYT19990406.0004 2
383 0 NYT19990411.0003 0
383 0 NYT19990416.0390 0
383 0 NYT19990420.0347 0
383 0 NYT19990421.0035 0
383 0 NYT19990421.0441 0
383 0 NYT19990427.0077 0
383 0 NYT19990427.0078 0
383 0 NYT19990429.0480 2
383 0 NYT19990429.0521 0
383 0 NYT19990513.0263 2
383 0 NYT19990514.0167 2
383 0 NYT19990514.0231 2
383 0 NYT19990515.0111 0
383 0 NYT19990518.0203 2
383 0 NYT19990524.0050 0
383 0 NYT19990524.0368 0
383 0 NYT19990525.0441 0
383 0 NYT19990527.0217 0
383 0 NYT19990527.0218 0
383 0 NYT19990529.0120 0
383 0 NYT19990605.0063 0
383 0 NYT19990605.0064 0
383 0 NYT19990607.0074 0
383 0 NYT19990607.0076 0
383 0 NYT19990607.0251 0
383 0 NYT19990607.0289 0
383 0 NYT19990607.0405 0
383 0 NYT19990607.0411 0
383 0 NYT19990607.0451 0
383 0 NYT19990607.0511 0
383 0 NYT19990608.0030 0
383 0 NYT19990609.0342 0
383 0 NYT19990609.0344 0
383 0 NYT19990609.0345 0
383 0 NYT19990609.0346 0
383 0 NYT19990610.0001 0
383 0 NYT19990613.0076 0
383 0 NYT19990614.0218 0
383 0 NYT19990623.0486 0
383 0 NYT19990626.0106 0
383 0 NYT19990626.0192 0
383 0 NYT19990627.0064 0
383 0 NYT19990627.0142 0
383 0 NYT19990702.0243 0
383 0 NYT19990703.0006 0
383 0 NYT19990703.0145 0
383 0 NYT19990711.0089 0
383 0 NYT19990712.0306 0
383 0 NYT19990716.0157 0
383 0 NYT19990716.0158 0
383 0 NYT19990726.0233 0
383 0 NYT19990726.0290 2
383 0 NYT19990727.0055 0
383 0 NYT19990728.0426 2
383 0 NYT19990806.0318 0
383 0 NYT19990807.0053 0
383 0 NYT19990807.0146 0
383 0 NYT19990809.0154 0
383 0 NYT19990810.0388 0
383 0 NYT19990812.0338 0
383 0 NYT19990813.0017 0
383 0 NYT19990813.0032 0
383 0 NYT19990813.0145 0
383 0 NYT19990813.0278 0
383 0 NYT19990813.0346 0
383 0 NYT19990813.0394 0
383 0 NYT19990813.0408 0
383 0 NYT19990816.0198 2
383 0 NYT19990816.0402 0
383 0 NYT19990816.0456 0
383 0 NYT19990819.0232 0
383 0 NYT19990824.0143 0
383 0 NYT19990824.0144 0
383 0 NYT19990829.0050 2
383 0 NYT19990902.0398 0
383 0 NYT19990902.0399 0
383 0 NYT19990910.0082 0
383 0 NYT19990915.0064 0
383 0 NYT19990916.0312 0
383 0 NYT19990916.0334 0
383 0 NYT19990920.0016 0
383 0 NYT19990920.0246 2
383 0 NYT19990922.0022 0
383 0 NYT19990925.0263 0
383 0 NYT19991002.0038 0
383 0 NYT19991003.0422 2
383 0 NYT19991003.0433 2
383 0 NYT19991003.0594 0
383 0 NYT19991003.0835 0
383 0 NYT19991007.0187 0
383 0 NYT19991008.0072 0
383 0 NYT19991008.0073 0
383 0 NYT19991010.0124 0
383 0 NYT19991010.0125 0
383 0 NYT19991011.0034 0
383 0 NYT19991012.0287 0
383 0 NYT19991027.0004 0
383 0 NYT19991027.0372 0
383 0 NYT19991030.0238 0
383 0 NYT19991104.0447 0
383 0 NYT19991105.0002 2
383 0 NYT19991108.0285 2
383 0 NYT19991109.0396 0
383 0 NYT19991112.0083 2
383 0 NYT19991112.0404 0
383 0 NYT19991115.0157 0
383 0 NYT19991115.0268 0
383 0 NYT19991119.0002 0
383 0 NYT19991122.0209 0
383 0 NYT19991124.0043 0
383 0 NYT19991124.0380 2
383 0 NYT19991124.0382 2
383 0 NYT19991124.0396 2
383 0 NYT19991125.0210 0
383 0 NYT19991206.0109 2
383 0 NYT19991207.0062 0
383 0 NYT19991208.0262 0
383 0 NYT19991212.0179 0
383 0 NYT19991213.0240 0
383 0 NYT19991213.0241 0
383 0 NYT19991213.0265 0
383 0 NYT19991213.0266 0
383 0 NYT19991213.0300 0
383 0 NYT19991213.0301 0
383 0 NYT19991213.0303 0
383 0 NYT19991213.0304 0
383 0 NYT19991213.0305 0
383 0 NYT19991213.0306 0
383 0 NYT19991213.0346 0
383 0 NYT19991213.0394 0
383 0 NYT19991214.0159 0
383 0 NYT19991215.0313 0
383 0 NYT19991216.0030 0
383 0 NYT19991218.0110 0
383 0 NYT19991218.0111 0
383 0 NYT19991218.0161 0
383 0 NYT19991218.0162 0
383 0 NYT19991218.0304 0
383 0 NYT19991219.0159 0
383 0 NYT19991219.0197 0
383 0 NYT19991219.0223 0
383 0 NYT19991221.0281 0
383 0 NYT19991225.0033 0
383 0 NYT19991225.0034 0
383 0 NYT19991227.0047 0
383 0 NYT19991227.0048 0
383 0 NYT19991227.0350 0
383 0 NYT20000102.0103 0
383 0 NYT20000102.0145 0
383 0 NYT20000107.0011 0
383 0 NYT20000110.0253 0
383 0 NYT20000110.0344 0
383 0 NYT20000115.0228 0
383 0 NYT20000115.0229 0
383 0 NYT20000115.0230 0
383 0 NYT20000115.0231 0
383 0 NYT20000115.0234 0
383 0 NYT20000115.0235 0
383 0 NYT20000115.0236 0
383 0 NYT20000117.0046 2
383 0 NYT20000117.0047 1
383 0 NYT20000122.0012 0
383 0 NYT20000122.0293 0
383 0 NYT20000124.0389 0
383 0 NYT20000126.0478 0
383 0 NYT20000208.0171 2
383 0 NYT20000223.0063 0
383 0 NYT20000303.0272 0
383 0 NYT20000304.0146 2
383 0 NYT20000319.0172 2
383 0 NYT20000319.0216 2
383 0 NYT20000325.0063 0
383 0 NYT20000327.0434 0
383 0 NYT20000406.0137 0
383 0 NYT20000408.0072 2
383 0 NYT20000408.0074 2
383 0 NYT20000408.0096 0
383 0 NYT20000408.0099 0
383 0 NYT20000408.0148 0
383 0 NYT20000409.0108 2
383 0 NYT20000409.0131 2
383 0 NYT20000410.0038 2
383 0 NYT20000410.0039 2
383 0 NYT20000410.0074 0
383 0 NYT20000410.0078 0
383 0 NYT20000410.0296 0
383 0 NYT20000412.0015 0
383 0 NYT20000416.0044 2
383 0 NYT20000416.0052 2
383 0 NYT20000418.0124 0
383 0 NYT20000418.0130 2
383 0 NYT20000421.0331 0
383 0 NYT20000422.0121 0
383 0 NYT20000424.0014 0
383 0 NYT20000508.0216 2
383 0 NYT20000508.0217 2
383 0 NYT20000509.0060 2
383 0 NYT20000509.0062 2
383 0 NYT20000509.0064 2
383 0 NYT20000510.0064 0
383 0 NYT20000510.0391 0
383 0 NYT20000515.0050 2
383 0 NYT20000522.0327 0
383 0 NYT20000522.0367 2
383 0 NYT20000522.0379 0
383 0 NYT20000526.0356 0
383 0 NYT20000527.0013 0
383 0 NYT20000527.0077 2
383 0 NYT20000531.0356 0
383 0 NYT20000531.0436 0
383 0 NYT20000607.0297 2
383 0 NYT20000607.0318 2
383 0 NYT20000612.0082 0
383 0 NYT20000612.0293 2
383 0 NYT20000612.0555 2
383 0 NYT20000612.0569 2
383 0 NYT20000623.0193 0
383 0 NYT20000623.0216 0
383 0 NYT20000626.0212 0
383 0 NYT20000626.0355 0
383 0 NYT20000628.0200 2
383 0 NYT20000707.0222 0
383 0 NYT20000712.0060 2
383 0 NYT20000717.0206 0
383 0 NYT20000717.0306 2
383 0 NYT20000717.0310 2
383 0 NYT20000722.0101 0
383 0 NYT20000722.0115 2
383 0 NYT20000724.0081 2
383 0 NYT20000730.0119 0
383 0 NYT20000801.0104 0
383 0 NYT20000804.0141 0
383 0 NYT20000807.0170 0
383 0 NYT20000809.0368 2
383 0 NYT20000816.0287 0
383 0 NYT20000817.0004 0
383 0 NYT20000817.0006 0
383 0 NYT20000821.0271 2
383 0 NYT20000821.0488 0
383 0 NYT20000824.0111 0
383 0 NYT20000828.0316 0
383 0 NYT20000829.0088 0
383 0 NYT20000830.0374 2
383 0 NYT20000902.0057 0
383 0 NYT20000902.0058 0
383 0 NYT20000904.0094 0
383 0 NYT20000904.0095 0
383 0 NYT20000904.0173 0
383 0 NYT20000905.0248 0
383 0 NYT20000912.0279 0
383 0 NYT20000922.0045 0
383 0 NYT20000925.0105 2
426 0 NYT19980601.0241 0
426 0 NYT19980601.0297 0
426 0 NYT19980601.0587 0
426 0 NYT19980605.0134 0
426 0 NYT19980606.0078 0
426 0 NYT19980606.0080 0
426 0 NYT19980608.0079 0
426 0 NYT19980616.0123 0
426 0 NYT19980616.0225 0
426 0 NYT19980616.0226 0
426 0 NYT19980616.0227 0
426 0 NYT19980616.0228 0
426 0 NYT19980616.0229 0
426 0 NYT19980616.0230 0
426 0 NYT19980617.0132 0
426 0 NYT19980619.0184 0
426 0 NYT19980619.0387 2
426 0 NYT19980622.0299 2
426 0 NYT19980629.0071 0
426 0 NYT19980629.0072 0
426 0 NYT19980630.0295 0
426 0 NYT19980706.0020 0
426 0 NYT19980708.0237 0
426 0 NYT19980710.0143 0
426 0 NYT19980715.0138 0
426 0 NYT19980719.0097 2
426 0 NYT19980722.0291 0
426 0 NYT19980722.0294 0
426 0 NYT19980723.0405 2
426 0 NYT19980723.0414 2
426 0 NYT19980724.0216 0
426 0 NYT19980724.0218 0
426 0 NYT19980729.0148 2
426 0 NYT19980807.0218 0
426 0 NYT19980817.0502 0
426 0 NYT19980820.0084 0
426 0 NYT19980822.0056 2
426 0 NYT19980824.0085 2
426 0 NYT19980824.0260 0
426 0 NYT19980829.0182 2
426 0 NYT19980829.0207 0
426 0 NYT19980829.0210 0
426 0 NYT19980902.0194 0
426 0 NYT19980902.0278 0
426 0 NYT19980902.0478 2
426 0 NYT19980902.0484 0
426 0 NYT19980902.0485 0
426 0 NYT19980902.0535 0
426 0 NYT19980904.0034 0
426 0 NYT19980904.0469 0
426 0 NYT19980904.0470 2
426 0 NYT19980906.0015 0
426 0 NYT19980906.0016 0
426 0 NYT19980906.0021 0
426 0 NYT19980906.0022 0
426 0 NYT19980906.0023 0
426 0 NYT19980913.0096 0
426 0 NYT19980915.0227 0
426 0 NYT19980915.0336 0
426 0 NYT19980915.0436 0
426 0 NYT19980916.0109 0
426 0 NYT19980916.0221 0
426 0 NYT19980917.0015 0
426 0 NYT19980922.0457 0
426 0 NYT19980928.0173 0
426 0 NYT19981009.0501 0
426 0 NYT19981010.0020 0
426 0 NYT19981011.0009 0
426 0 NYT19981020.0090 0
426 0 NYT19981020.0091 0
426 0 NYT19981022.0493 0
426 0 NYT19981027.0236 0
426 0 NYT19981028.0374 0
426 0 NYT19981104.0619 0
426 0 NYT19981105.0088 0
426 0 NYT19981105.0089 0
426 0 NYT19981105.0291 0
426 0 NYT19981105.0521 0
426 0 NYT19981109.0114 0
426 0 NYT19981110.0025 0
426 0 NYT19981110.0026 0
426 0 NYT19981110.0399 0
426 0 NYT19981113.0234 0
426 0 NYT19981120.0091 0
426 0 NYT19981124.0037 0
426 0 NYT19981124.0189 2
426 0 NYT19981125.0120 0
426 0 NYT19981127.0249 0
426 0 NYT19981129.0136 2
426 0 NYT19981129.0150 2
426 0 NYT19981130.0454 2
426 0 NYT19981202.0410 2
426 0 NYT19981203.0569 2
426 0 NYT19981207.0465 2
426 0 NYT19981229.0286 0
426 0 NYT19990101.0156 0
426 0 NYT19990101.0168 0
426 0 NYT19990101.0176 0
426 0 NYT19990103.0092 0
426 0 NYT19990103.0095 0
426 0 NYT19990103.0096 2
426 0 NYT19990103.0097 0
426 0 NYT19990103.0098 0
426 0 NYT19990103.0100 0
426 0 NYT19990104.0526 2
426 0 NYT19990105.0401 0
426 0 NYT19990106.0274 0
426 0 NYT19990113.0251 2
426 0 NYT19990113.0253 2
426 0 NYT19990122.0009 0
426 0 NYT19990122.0011 0
426 0 NYT19990122.0013 0
426 0 NYT19990122.0061 0
426 0 NYT19990126.0190 0
426 0 NYT19990126.0191 0
426 0 NYT19990127.0552 0
426 0 NYT19990130.0024 0
426 0 NYT19990203.0036 2
426 0 NYT19990203.0373 0
426 0 NYT19990211.0120 0
426 0 NYT19990211.0169 0
426 0 NYT19990216.0025 0
426 0 NYT19990216.0140 0
426 0 NYT19990217.0106 0
426 0 NYT19990219.0132 0
426 0 NYT19990219.0159 0
426 0 NYT19990219.0160 0
426 0 NYT19990220.0106 0
426 0 NYT19990223.0126 0
426 0 NYT19990223.0127 0
426 0 NYT19990224.0011 0
426 0 NYT19990224.0159 0
426 0 NYT19990224.0207 0
426 0 NYT19990224.0275 0
426 0 NYT19990224.0279 0
426 0 NYT19990224.0297 0
426 0 NYT19990224.0337 0
426 0 NYT19990224.0405 0
426 0 NYT19990224.0462 0
426 0 NYT19990225.0008 0
426 0 NYT19990225.0421 0
426 0 NYT19990226.0245 0
426 0 NYT19990226.0264 0
426 0 NYT19990228.0089 0
426 0 NYT19990303.0537 0
426 0 NYT19990303.0553 0
426 0 NYT19990305.0043 0
426 0 NYT19990309.0170 0
426 0 NYT19990309.0401 0
426 0 NYT19990311.0007 0
426 0 NYT19990311.0052 0
426 0 NYT19990312.0281 2
426 0 NYT19990313.0072 0
426 0 NYT19990313.0097 0
426 0 NYT19990313.0098 0
426 0 NYT19990315.0096 0
426 0 NYT19990315.0097 0
426 0 NYT19990315.0242 0
426 0 NYT19990316.0259 0
426 0 NYT19990320.0235 0
426 0 NYT19990323.0037 1
426 0 NYT19990323.0158 0
426 0 NYT19990323.0188 0
426 0 NYT19990323.0407 0
426 0 NYT19990412.0469 0
426 0 NYT19990414.0203 0
426 0 NYT19990414.0210 0
426 0 NYT19990416.0334 0
426 0 NYT19990420.0433 0
426 0 NYT19990421.0108 2
426 0 NYT19990421.0114 2
426 0 NYT19990421.0369 2
426 0 NYT19990428.0183 0
426 0 NYT19990504.0381 2
426 0 NYT19990505.0389 2
426 0 NYT19990506.0473 2
426 0 NYT19990510.0521 2
426 0 NYT19990514.0227 0
426 0 NYT19990517.0188 0
426 0 NYT19990517.0273 0
426 0 NYT19990519.0075 0
426 0 NYT19990521.0224 2
426 0 NYT19990523.0066 0
426 0 NYT19990524.0127 0
426 0 NYT19990524.0138 0
426 0 NYT19990524.0419 0
426 0 NYT19990526.0018 2
426 0 NYT19990603.0329 0
426 0 NYT19990609.0427 0
426 0 NYT19990609.0441 0
426 0 NYT19990609.0443 0
426 0 NYT19990609.0444 0
426 0 NYT19990609.0447 0
426 0 NYT19990611.0054 0
426 0 NYT19990611.0146 0
426 0 NYT19990611.0148 0
426 0 NYT19990612.0107 2
426 0 NYT19990613.0069 0
426 0 NYT19990614.0115 0
426 0 NYT19990614.0116 0
426 0 NYT19990615.0153 0
426 0 NYT19990615.0346 0
426 0 NYT19990616.0109 0
426 0 NYT19990620.0097 0
426 0 NYT19990622.0094 0
426 0 NYT19990622.0228 0
426 0 NYT19990622.0467 0
426 0 NYT19990624.0274 0
426 0 NYT19990624.0323 0
426 0 NYT19990625.0008 0
426 0 NYT19990625.0015 0
426 0 NYT19990625.0147 2
426 0 NYT19990627.0064 0
426 0 NYT19990629.0245 2
426 0 NYT19990629.0313 2
426 0 NYT19990630.0331 0
426 0 NYT19990705.0160 0
426 0 NYT19990705.0223 0
426 0 NYT19990706.0139 0
426 0 NYT19990708.0079 0
426 0 NYT19990709.0166 0
426 0 NYT19990714.0243 0
426 0 NYT19990718.0102 0
426 0 NYT19990718.0109 0
426 0 NYT19990718.0120 0
426 0 NYT19990718.0165 0
426 0 NYT19990718.0224 0
426 0 NYT19990727.0215 0
426 0 NYT19990727.0218 0
426 0 NYT19990727.0247 0
426 0 NYT19990727.0325 0
426 0 NYT19990727.0367 0
426 0 NYT19990727.0370 0
426 0 NYT19990804.0432 0
426 0 NYT19990805.0075 0
426 0 NYT19990805.0079 0
426 0 NYT19990810.0052 0
426 0 NYT19990810.0055 0
426 0 NYT19990810.0105 0
426 0 NYT19990811.0072 0
426 0 NYT19990811.0386 0
426 0 NYT19990816.0261 2
426 0 NYT19990816.0262 2
426 0 NYT19990816.0284 2
426 0 NYT19990816.0457 2
426 0 NYT19990816.0459 2
426 0 NYT19990820.0170 0
426 0 NYT19990826.0106 0
426 0 NYT19990826.0155 0
426 0 NYT19990827.0350 0
426 0 NYT19990904.0008 0
426 0 NYT19990913.0144 0
426 0 NYT19990913.0258 0
426 0 NYT19990914.0268 0
426 0 NYT19990915.0349 0
426 0 NYT19990922.0322 2
426 0 NYT19990924.0239 0
426 0 NYT19990924.0268 0
426 0 NYT19990927.0134 0
426 0 NYT19990927.0145 0
426 0 NYT19990929.0447 0
426 0 NYT19991001.0321 0
426 0 NYT19991002.0029 0
426 0 NYT19991011.0409 0
426 0 NYT19991011.0411 0
426 0 NYT19991012.0439 0
426 0 NYT19991013.0333 0
426 0 NYT19991015.0122 0
426 0 NYT19991015.0126 0
426 0 NYT19991015.0129 0
426 0 NYT19991016.0218 0
426 0 NYT19991018.0294 0
426 0 NYT19991018.0297 0
426 0 NYT19991018.0306 0
426 0 NYT19991018.0310 0
426 0 NYT19991018.0318 0
426 0 NYT19991018.0326 0
426 0 NYT19991018.0344 2
426 0 NYT19991020.0452 0
426 0 NYT19991021.0289 2
426 0 NYT19991021.0292 2
426 0 NYT19991023.0110 0
426 0 NYT19991023.0116 0
426 0 NYT19991025.0423 2
426 0 NYT19991026.0293 0
426 0 NYT19991026.0387 0
426 0 NYT19991028.0399 0
426 0 NYT19991030.0253 0
426 0 NYT19991101.0283 0
426 0 NYT19991101.0304 0
426 0 NYT19991103.0278 0
426 0 NYT19991105.0079 0
426 0 NYT19991108.0437 0
426 0 NYT19991110.0237 0
426 0 NYT19991111.0243 0
426 0 NYT19991117.0059 0
426 0 NYT19991117.0060 0
426 0 NYT19991122.0264 0
426 0 NYT19991206.0052 2
426 0 NYT19991218.0012 0
426 0 NYT19991218.0234 0
426 0 NYT19991220.0322 0
426 0 NYT19991220.0415 0
426 0 NYT19991221.0279 0
426 0 NYT19991221.0296 2
426 0 NYT19991222.0276 0
426 0 NYT19991222.0278 0
426 0 NYT19991222.0288 2
426 0 NYT19991222.0368 2
426 0 NYT19991223.0005 0
426 0 NYT19991223.0285 2
426 0 NYT19991225.0107 2
426 0 NYT19991227.0157 0
426 0 NYT19991227.0383 0
426 0 NYT19991229.0181 0
426 0 NYT19991230.0194 0
426 0 NYT19991230.0200 2
426 0 NYT19991230.0205 2
426 0 NYT20000104.0358 0
426 0 NYT20000104.0359 0
426 0 NYT20000107.0136 0
426 0 NYT20000109.0154 0
426 0 NYT20000110.0484 0
426 0 NYT20000111.0220 0
426 0 NYT20000112.0343 0
426 0 NYT20000113.0008 0
426 0 NYT20000115.0228 2
426 0 NYT20000115.0229 2
426 0 NYT20000115.0230 2
426 0 NYT20000115.0231 2
426 0 NYT20000115.0234 2
426 0 NYT20000115.0235 2
426 0 NYT20000115.0236 2
426 0 NYT20000117.0367 2
426 0 NYT20000117.0379 2
426 0 NYT20000117.0380 2
426 0 NYT20000118.0280 2
426 0 NYT20000120.0006 0
426 0 NYT20000120.0042 0
426 0 NYT20000120.0043 0
426 0 NYT20000121.0102 0
426 0 NYT20000121.0103 0
426 0 NYT20000121.0239 0
426 0 NYT20000203.0107 2
426 0 NYT20000203.0119 0
426 0 NYT20000210.0254 2
426 0 NYT20000211.0308 0
426 0 NYT20000214.0280 0
426 0 NYT20000214.0360 0
426 0 NYT20000214.0429 0
426 0 NYT20000219.0097 0
426 0 NYT20000219.0098 0
426 0 NYT20000222.0232 2
426 0 NYT20000227.0024 0
426 0 NYT20000227.0143 2
426 0 NYT20000228.0411 2
426 0 NYT20000229.0087 0
426 0 NYT20000302.0140 2
426 0 NYT20000302.0296 0
426 0 NYT20000303.0011 2
426 0 NYT20000303.0242 0
426 0 NYT20000303.0337 0
426 0 NYT20000306.0255 0
426 0 NYT20000321.0008 2
426 0 NYT20000321.0024 2
426 0 NYT20000321.0080 2
426 0 NYT20000323.0022 0
426 0 NYT20000323.0023 0
426 0 NYT20000330.0076 0
426 0 NYT20000330.0142 2
426 0 NYT20000401.0101 0
426 0 NYT20000406.0442 0
426 0 NYT20000411.0305 0
426 0 NYT20000426.0241 0
426 0 NYT20000427.0195 0
426 0 NYT20000501.0253 0
426 0 NYT20000513.0038 0
426 0 NYT20000515.0298 0
426 0 NYT20000517.0095 0
426 0 NYT20000517.0096 0
426 0 NYT20000517.0152 0
426 0 NYT20000517.0154 0
426 0 NYT20000518.0046 0
426 0 NYT20000520.0002 0
426 0 NYT20000520.0138 0
426 0 NYT20000520.0139 0
426 0 NYT20000520.0140 0
426 0 NYT20000520.0141 2
426 0 NYT20000520.0142 2
426 0 NYT20000520.0143 0
426 0 NYT20000521.0066 0
426 0 NYT20000521.0067 0
426 0 NYT20000521.0068 0
426 0 NYT20000525.0313 2
426 0 NYT20000525.0335 2
426 0 NYT20000530.0160 0
426 0 NYT20000601.0233 0
426 0 NYT20000602.0013 0
426 0 NYT20000610.0017 0
426 0 NYT20000610.0019 0
426 0 NYT20000612.0514 0
426 0 NYT20000612.0692 0
426 0 NYT20000612.0936 0
426 0 NYT20000615.0166 0
426 0 NYT20000619.0268 0
426 0 NYT20000623.0028 0
426 0 NYT20000623.0308 0
426 0 NYT20000623.0462 0
426 0 NYT20000627.0420 0
426 0 NYT20000630.0245 0
426 0 NYT20000701.0013 2
426 0 NYT20000701.0095 0
426 0 NYT20000701.0155 0
426 0 NYT20000704.0038 2
426 0 NYT20000704.0142 2
426 0 NYT20000707.0404 0
426 0 NYT20000707.0405 0
426 0 NYT20000707.0409 0
426 0 NYT20000711.0424 0
426 0 NYT20000716.0206 0
426 0 NYT20000717.0108 0
426 0 NYT20000717.0403 0
426 0 NYT20000720.0227 0
426 0 NYT20000728.0093 0
426 0 NYT20000731.0234 0
426 0 NYT20000808.0321 0
426 0 NYT20000809.0268 2
426 0 NYT20000809.0338 2
426 0 NYT20000811.0118 0
426 0 NYT20000815.0369 0
426 0 NYT20000823.0007 0
426 0 NYT20000823.0135 0
426 0 NYT20000824.0103 2
426 0 NYT20000824.0104 2
426 0 NYT20000824.0105 2
426 0 NYT20000824.0108 2
426 0 NYT20000829.0079 0
426 0 NYT20000829.0080 0
426 0 NYT20000831.0054 0
426 0 NYT20000831.0055 0
426 0 NYT20000902.0179 0
426 0 NYT20000905.0292 0
426 0 NYT20000907.0160 0
426 0 NYT20000909.0151 0
426 0 NYT20000913.0169 0
426 0 NYT20000928.0397 2
427 0 NYT19980601.0403 0
427 0 NYT19980601.0433 0
427 0 NYT19980603.0023 0
427 0 NYT19980616.0003 0
427 0 NYT19980617.0273 0
427 0 NYT19980617.0277 2
427 0 NYT19980622.0081 2
427 0 NYT19980622.0086 0
427 0 NYT19980624.0255 0
427 0 NYT19980624.0258 2
427 0 NYT19980629.0080 0
427 0 NYT19980629.0104 0
427 0 NYT19980629.0246 0
427 0 NYT19980629.0248 2
427 0 NYT19980701.0119 0
427 0 NYT19980701.0248 0
427 0 NYT19980701.0250 2
427 0 NYT19980708.0178 0
427 0 NYT19980708.0261 0
427 0 NYT19980708.0270 2
427 0 NYT19980710.0070 0
427 0 NYT19980710.0170 0
427 0 NYT19980710.0172 0
427 0 NYT19980713.0064 0
427 0 NYT19980713.0140 0
427 0 NYT19980713.0208 1
427 0 NYT19980714.0146 0
427 0 NYT19980715.0023 0
427 0 NYT19980715.0234 0
427 0 NYT19980715.0236 2
427 0 NYT19980717.0056 0
427 0 NYT19980717.0058 0
427 0 NYT19980717.0109 0
427 0 NYT19980720.0160 2
427 0 NYT19980720.0165 0
427 0 NYT19980721.0129 0
427 0 NYT19980721.0150 1
427 0 NYT19980722.0144 2
427 0 NYT19980722.0148 1
427 0 NYT19980729.0038 0
427 0 NYT19980803.0197 0
427 0 NYT19980805.0026 0
427 0 NYT19980806.0061 0
427 0 NYT19980810.0025 0
427 0 NYT19980817.0050 0
427 0 NYT19980826.0515 0
427 0 NYT19980829.0053 0
427 0 NYT19980907.0026 0
427 0 NYT19980911.0132 0
427 0 NYT19980920.0116 0
427 0 NYT19981005.0020 0
427 0 NYT19981019.0044 0
427 0 NYT19981020.0028 0
427 0 NYT19981022.0454 0
427 0 NYT19981023.0431 0
427 0 NYT19981026.0031 0
427 0 NYT19981026.0196 0
427 0 NYT19981026.0197 0
427 0 NYT19981102.0214 0
427 0 NYT19981105.0159 0
427 0 NYT19981113.0019 0
427 0 NYT19981113.0029 0
427 0 NYT19981128.0244 0
427 0 NYT19981129.0164 0
427 0 NYT19981130.0409 0
427 0 NYT19981130.0440 0
427 0 NYT19981214.0027 0
427 0 NYT19981216.0253 0
427 0 NYT19981222.0294 0
427 0 NYT19981222.0310 0
427 0 NYT19981228.0027 0
427 0 NYT19990104.0161 0
427 0 NYT19990107.0026 0
427 0 NYT19990112.0037 0
427 0 NYT19990114.0049 0
427 0 NYT19990114.0349 0
427 0 NYT19990115.0008 0
427 0 NYT19990115.0044 0
427 0 NYT19990115.0045 0
427 0 NYT19990115.0046 0
427 0 NYT19990115.0047 0
427 0 NYT19990115.0097 0
427 0 NYT19990115.0369 0
427 0 NYT19990118.0159 0
427 0 NYT19990120.0055 0
427 0 NYT19990121.0036 0
427 0 NYT19990124.0216 0
427 0 NYT19990130.0005 0
427 0 NYT19990203.0373 0
427 0 NYT19990204.0564 0
427 0 NYT19990204.0566 0
427 0 NYT19990212.0041 0
427 0 NYT19990215.0184 0
427 0 NYT19990219.0159 0
427 0 NYT19990219.0160 0
427 0 NYT19990221.0196 0
427 0 NYT19990223.0126 0
427 0 NYT19990223.0127 0
427 0 NYT19990224.0159 0
427 0 NYT19990224.0348 0
427 0 NYT19990224.0369 0
427 0 NYT19990226.0048 0
427 0 NYT19990301.0237 0
427 0 NYT19990302.0026 0
427 0 NYT19990303.0166 0
427 0 NYT19990303.0167 0
427 0 NYT19990303.0170 0
427 0 NYT19990303.0171 0
427 0 NYT19990304.0097 0
427 0 NYT19990304.0098 0
427 0 NYT19990304.0101 0
427 0 NYT19990304.0102 0
427 0 NYT19990304.0105 0
427 0 NYT19990304.0106 0
427 0 NYT19990309.0170 0
427 0 NYT19990312.0445 0
427 0 NYT19990312.0447 0
427 0 NYT19990315.0303 0
427 0 NYT19990321.0019 0
427 0 NYT19990322.0015 0
427 0 NYT19990325.0037 0
427 0 NYT19990326.0071 0
427 0 NYT19990326.0413 0
427 0 NYT19990326.0414 0
427 0 NYT19990326.0417 0
427 0 NYT19990326.0423 0
427 0 NYT19990402.0390 0
427 0 NYT19990402.0391 0
427 0 NYT19990402.0393 0
427 0 NYT19990402.0396 0
427 0 NYT19990405.0087 0
427 0 NYT19990409.0014 0
427 0 NYT19990411.0021 0
427 0 NYT19990413.0135 0
427 0 NYT19990418.0016 0
427 0 NYT19990418.0019 0
427 0 NYT19990426.0216 0
427 0 NYT19990426.0296 1
427 0 NYT19990426.0345 0
427 0 NYT19990426.0446 0
427 0 NYT19990426.0448 0
427 0 NYT19990426.0450 0
427 0 NYT19990427.0053 0
427 0 NYT19990427.0054 0
427 0 NYT19990427.0178 0
427 0 NYT19990428.0024 0
427 0 NYT19990430.0030 0
427 0 NYT19990503.0183 0
427 0 NYT19990503.0284 0
427 0 NYT19990510.0265 0
427 0 NYT19990510.0464 0
427 0 NYT19990514.0418 0
427 0 NYT19990514.0419 0
427 0 NYT19990514.0421 0
427 0 NYT19990514.0436 0
427 0 NYT19990514.0438 0
427 0 NYT19990520.0411 0
427 0 NYT19990526.0048 0
427 0 NYT19990526.0052 0
427 0 NYT19990529.0036 0
427 0 NYT19990531.0122 0
427 0 NYT19990531.0123 0
427 0 NYT19990531.0178 0
427 0 NYT19990605.0245 0
427 0 NYT19990608.0251 0
427 0 NYT19990614.0216 1
427 0 NYT19990623.0187 0
427 0 NYT19990627.0064 0
427 0 NYT19990701.0409 0
427 0 NYT19990701.0410 0
427 0 NYT19990701.0412 0
427 0 NYT19990708.0335 0
427 0 NYT19990708.0367 0
427 0 NYT19990709.0005 0
427 0 NYT19990709.0007 0
427 0 NYT19990709.0235 0
427 0 NYT19990709.0236 0
427 0 NYT19990710.0023 0
427 0 NYT19990713.0140 0
427 0 NYT19990718.0127 0
427 0 NYT19990721.0190 0
427 0 NYT19990726.0289 0
427 0 NYT19990728.0301 0
427 0 NYT19990802.0151 0
427 0 NYT19990802.0152 0
427 0 NYT19990802.0155 0
427 0 NYT19990802.0156 0
427 0 NYT19990804.0067 0
427 0 NYT19990804.0068 0
427 0 NYT19990804.0071 0
427 0 NYT19990804.0072 0
427 0 NYT19990804.0075 0
427 0 NYT19990804.0076 0
427 0 NYT19990805.0063 0
427 0 NYT19990806.0032 0
427 0 NYT19990806.0105 0
427 0 NYT19990808.0042 0
427 0 NYT19990808.0043 0
427 0 NYT19990809.0204 0
427 0 NYT19990816.0165 0
427 0 NYT19990824.0360 0
427 0 NYT19990827.0051 0
427 0 NYT19990831.0218 0
427 0 NYT19990831.0347 0
427 0 NYT19990903.0317 0
427 0 NYT19990903.0318 0
427 0 NYT19990903.0320 0
427 0 NYT19990903.0322 0
427 0 NYT19990903.0323 0
427 0 NYT19990904.0038 0
427 0 NYT19990907.0387 0
427 0 NYT19990908.0160 0
427 0 NYT19990910.0080 0
427 0 NYT19990911.0027 0
427 0 NYT19990923.0054 0
427 0 NYT19990924.0032 0
427 0 NYT19990926.0008 0
427 0 NYT19990928.0171 0
427 0 NYT19991001.0330 0
427 0 NYT19991001.0334 0
427 0 NYT19991001.0335 0
427 0 NYT19991001.0339 0
427 0 NYT19991003.0264 0
427 0 NYT19991008.0081 0
427 0 NYT19991013.0044 0
427 0 NYT19991014.0052 0
427 0 NYT19991016.0017 0
427 0 NYT19991029.0028 0
427 0 NYT19991102.0023 0
427 0 NYT19991103.0103 0
427 0 NYT19991103.0104 0
427 0 NYT19991108.0265 0
427 0 NYT19991129.0320 0
427 0 NYT19991214.0058 0
427 0 NYT19991223.0333 0
427 0 NYT19991230.0096 0
427 0 NYT20000104.0358 0
427 0 NYT20000104.0359 0
427 0 NYT20000105.0020 0
427 0 NYT20000112.0293 0
427 0 NYT20000117.0078 0
427 0 NYT20000117.0293 0
427 0 NYT20000128.0033 0
427 0 NYT20000131.0133 0
427 0 NYT20000208.0102 0
427 0 NYT20000215.0080 0
427 0 NYT20000217.0166 0
427 0 NYT20000217.0167 0
427 0 NYT20000224.0193 0
427 0 NYT20000224.0197 0
427 0 NYT20000224.0200 0
427 0 NYT20000224.0204 0
427 0 NYT20000313.0236 0
427 0 NYT20000315.0044 0
427 0 NYT20000321.0016 0
427 0 NYT20000325.0101 0
427 0 NYT20000406.0331 1
427 0 NYT20000406.0332 1
427 0 NYT20000412.0272 2
427 0 NYT20000412.0273 2
427 0 NYT20000419.0395 0
427 0 NYT20000419.0396 0
427 0 NYT20000421.0113 0
427 0 NYT20000518.0126 0
427 0 NYT20000518.0128 0
427 0 NYT20000521.0085 0
427 0 NYT20000522.0087 0
427 0 NYT20000526.0015 0
427 0 NYT20000603.0033 0
427 0 NYT20000603.0035 0
427 0 NYT20000605.0035 0
427 0 NYT20000605.0037 0
427 0 NYT20000608.0258 0
427 0 NYT20000612.1045 0
427 0 NYT20000612.1065 0
427 0 NYT20000628.0110 0
427 0 NYT20000703.0162 0
427 0 NYT20000705.0126 0
427 0 NYT20000711.0116 0
427 0 NYT20000713.0071 0
427 0 NYT20000713.0167 0
427 0 NYT20000721.0045 0
427 0 NYT20000731.0008 0
427 0 NYT20000731.0205 0
427 0 NYT20000731.0239 0
427 0 NYT20000807.0178 0
427 0 NYT20000807.0215 0
427 0 NYT20000807.0223 0
427 0 NYT20000821.0270 1
427 0 NYT20000821.0448 0
427 0 NYT20000825.0167 0
427 0 NYT20000828.0187 0
427 0 NYT20000828.0245 0
427 0 NYT20000909.0155 0
427 0 NYT20000909.0196 0
427 0 NYT20000928.0194 1
436 0 NYT19980603.0361 1
436 0 NYT19980618.0380 2
436 0 NYT19980825.0046 0
436 0 NYT19980918.0538 2
436 0 NYT19981012.0356 2
436 0 NYT19981012.0383 2
436 0 NYT19981012.0396 2
436 0 NYT19981125.0202 1
436 0 NYT19981125.0215 0
436 0 NYT19981125.0237 0
436 0 NYT19981221.0007 1
436 0 NYT19981221.0008 1
436 0 NYT19990304.0495 0
436 0 NYT19990316.0311 2
436 0 NYT19990316.0350 1
436 0 NYT19990316.0426 2
436 0 NYT19990317.0037 2
436 0 NYT19990317.0453 1
436 0 NYT19990318.0317 0
436 0 NYT19990412.0359 0
436 0 NYT19990525.0452 2
436 0 NYT19990708.0369 2
436 0 NYT19990802.0244 1
436 0 NYT19990928.0021 1
436 0 NYT19990929.0018 1
436 0 NYT19990930.0391 0
436 0 NYT19990930.0445 0
436 0 NYT19991001.0010 0
436 0 NYT19991001.0074 0
436 0 NYT19991003.0756 0
436 0 NYT19991003.1012 1
436 0 NYT19991003.1068 2
436 0 NYT19991003.1097 2
436 0 NYT19991006.0284 2
436 0 NYT19991008.0138 2
436 0 NYT19991008.0222 2
436 0 NYT19991029.0008 2
436 0 NYT19991210.0216 0
436 0 NYT20000123.0221 0
436 0 NYT20000328.0382 2
436 0 NYT20000330.0472 0
436 0 NYT20000510.0280 0
436 0 NYT20000621.0037 1
436 0 NYT20000621.0284 1
436 0 NYT20000813.0131 0
436 0 NYT20000830.0310 1
